# Residuals   
# Time        	Ux            	Uy            	Uz            	p             	k             	epsilon       
1             	1.000000e+00	1.000000e+00	1.000000e+00	1.000000e+00	1.000000e+00	9.727879e-01
2             	2.531893e-01	3.711540e-01	3.711357e-01	6.693047e-01	4.455968e-01	4.419254e-01
3             	1.322145e-01	2.537355e-01	2.537104e-01	5.464999e-01	2.996481e-01	2.937648e-01
4             	9.093143e-02	1.873266e-01	1.872995e-01	4.931038e-01	2.186366e-01	2.140525e-01
5             	6.817370e-02	1.430920e-01	1.430868e-01	5.939776e-01	1.698705e-01	1.655109e-01
6             	5.090516e-02	1.094401e-01	1.094412e-01	6.400611e-01	1.348788e-01	1.318438e-01
7             	3.682463e-02	8.160402e-02	8.161468e-02	6.395533e-01	1.099333e-01	1.065490e-01
8             	2.599512e-02	5.823442e-02	5.824660e-02	6.150943e-01	9.074972e-02	8.585698e-02
9             	1.782076e-02	3.866942e-02	3.867435e-02	5.909210e-01	7.479753e-02	6.777949e-02
10            	1.211777e-02	2.399613e-02	2.399326e-02	5.624408e-01	6.181738e-02	5.127637e-02
11            	8.478288e-03	1.663100e-02	1.662840e-02	5.386694e-01	5.124403e-02	3.709618e-02
12            	8.761349e-03	2.081348e-02	2.080882e-02	5.206089e-01	4.263013e-02	2.548792e-02
13            	1.267224e-02	3.443088e-02	3.441647e-02	4.877909e-01	3.617958e-02	1.888249e-02
14            	1.635048e-02	4.737995e-02	4.736119e-02	4.755777e-01	3.098469e-02	1.458839e-02
15            	1.894112e-02	5.732710e-02	5.733634e-02	5.236655e-01	2.714893e-02	1.281424e-02
16            	1.991962e-02	6.254614e-02	6.255412e-02	5.703309e-01	2.384948e-02	1.189400e-02
17            	1.929668e-02	6.250560e-02	6.251411e-02	5.909078e-01	2.084041e-02	1.006055e-02
18            	1.738368e-02	5.766125e-02	5.765881e-02	6.048287e-01	1.825708e-02	7.614189e-03
19            	1.457845e-02	4.877895e-02	4.879641e-02	5.934486e-01	1.675207e-02	6.231438e-03
20            	1.212617e-02	3.882463e-02	3.882902e-02	5.761995e-01	1.576074e-02	6.182218e-03
21            	1.027154e-02	3.185666e-02	3.185680e-02	5.660957e-01	1.490974e-02	5.643798e-03
22            	1.035623e-02	3.149781e-02	3.153157e-02	5.659647e-01	1.441636e-02	5.673719e-03
23            	1.225315e-02	3.590694e-02	3.595762e-02	5.565649e-01	1.407469e-02	6.079733e-03
24            	1.398024e-02	3.958835e-02	3.962058e-02	5.304278e-01	1.357483e-02	5.638670e-03
25            	1.491874e-02	3.995927e-02	3.998884e-02	5.547257e-01	1.309210e-02	5.093930e-03
26            	1.489661e-02	3.739534e-02	3.742186e-02	5.767109e-01	1.283769e-02	4.820980e-03
27            	1.378598e-02	3.294945e-02	3.296748e-02	5.928250e-01	1.244448e-02	4.879441e-03
28            	1.210845e-02	2.766159e-02	2.766378e-02	5.635756e-01	1.193469e-02	4.320734e-03
29            	1.017195e-02	2.261020e-02	2.263551e-02	5.293484e-01	1.141494e-02	3.775877e-03
30            	8.323179e-03	1.802693e-02	1.805552e-02	4.889574e-01	1.095296e-02	3.544815e-03
31            	6.386412e-03	1.474982e-02	1.476083e-02	4.480601e-01	1.047000e-02	3.334941e-03
32            	4.852468e-03	1.294487e-02	1.295661e-02	4.022694e-01	1.005596e-02	3.195625e-03
33            	3.943664e-03	1.317262e-02	1.318767e-02	3.583531e-01	9.646189e-03	3.228146e-03
34            	4.054778e-03	1.512243e-02	1.513834e-02	3.411309e-01	9.252569e-03	3.210468e-03
35            	4.559529e-03	1.724836e-02	1.725465e-02	3.521536e-01	8.860285e-03	3.214122e-03
36            	4.949807e-03	1.854227e-02	1.856255e-02	3.741159e-01	8.461288e-03	3.150926e-03
37            	4.970429e-03	1.858548e-02	1.861416e-02	3.923830e-01	8.043100e-03	2.988974e-03
38            	4.790301e-03	1.782996e-02	1.784396e-02	4.024452e-01	7.609953e-03	2.704025e-03
39            	4.521516e-03	1.650569e-02	1.653209e-02	4.020276e-01	7.214886e-03	2.396372e-03
40            	4.182118e-03	1.484985e-02	1.487084e-02	3.827140e-01	6.928135e-03	2.323341e-03
41            	3.839208e-03	1.332713e-02	1.335950e-02	3.663142e-01	6.699373e-03	2.217708e-03
42            	3.673100e-03	1.237278e-02	1.237022e-02	3.514459e-01	6.527588e-03	2.257086e-03
43            	3.750885e-03	1.203466e-02	1.203025e-02	3.315200e-01	6.413351e-03	2.371001e-03
44            	3.998973e-03	1.249755e-02	1.250409e-02	3.168238e-01	6.284312e-03	2.352778e-03
45            	4.288783e-03	1.309352e-02	1.308751e-02	3.115318e-01	6.208785e-03	2.219559e-03
46            	4.464653e-03	1.337117e-02	1.338927e-02	3.029880e-01	6.065616e-03	2.220918e-03
47            	4.427048e-03	1.297133e-02	1.298014e-02	2.929199e-01	5.943421e-03	2.185449e-03
48            	4.241086e-03	1.203547e-02	1.205704e-02	2.832218e-01	5.811840e-03	2.013738e-03
49            	3.948456e-03	1.091934e-02	1.092309e-02	2.766110e-01	5.659187e-03	1.844031e-03
50            	3.560199e-03	9.650492e-03	9.651881e-03	2.715440e-01	5.527079e-03	1.694031e-03
51            	3.057584e-03	8.495210e-03	8.502377e-03	2.590149e-01	5.387402e-03	1.549419e-03
52            	2.594797e-03	7.744197e-03	7.740455e-03	2.482542e-01	5.233864e-03	1.435508e-03
53            	2.281625e-03	7.465521e-03	7.479989e-03	2.354838e-01	5.064944e-03	1.336425e-03
54            	2.160297e-03	7.597717e-03	7.607160e-03	2.244540e-01	4.924889e-03	1.279938e-03
55            	2.168252e-03	7.901381e-03	7.899732e-03	2.167241e-01	4.798809e-03	1.273114e-03
56            	2.197800e-03	8.246831e-03	8.245173e-03	2.062084e-01	4.676891e-03	1.254702e-03
57            	2.192676e-03	8.400928e-03	8.412255e-03	2.010661e-01	4.536650e-03	1.199876e-03
58            	2.183105e-03	8.269962e-03	8.271862e-03	1.958909e-01	4.400054e-03	1.147628e-03
59            	2.169276e-03	7.922442e-03	7.927374e-03	1.905928e-01	4.269412e-03	1.094697e-03
60            	2.145669e-03	7.504293e-03	7.518734e-03	1.849927e-01	4.145189e-03	1.067077e-03
61            	2.100691e-03	7.076787e-03	7.066184e-03	1.800665e-01	4.028522e-03	1.057059e-03
62            	2.056096e-03	6.734909e-03	6.721964e-03	1.741691e-01	3.926555e-03	1.020422e-03
63            	2.035722e-03	6.463005e-03	6.460750e-03	1.702580e-01	3.844105e-03	9.952854e-04
64            	2.033597e-03	6.394810e-03	6.401816e-03	1.681074e-01	3.768348e-03	1.021166e-03
65            	2.064689e-03	6.456798e-03	6.452019e-03	1.636631e-01	3.696083e-03	1.037316e-03
66            	2.059003e-03	6.459739e-03	6.456101e-03	1.580778e-01	3.636453e-03	1.038862e-03
67            	2.029503e-03	6.344949e-03	6.341900e-03	1.518510e-01	3.562981e-03	1.032087e-03
68            	1.979519e-03	6.157577e-03	6.156560e-03	1.480565e-01	3.483703e-03	1.004323e-03
69            	1.925058e-03	5.917019e-03	5.897930e-03	1.495060e-01	3.406782e-03	9.692105e-04
70            	1.870839e-03	5.645524e-03	5.649604e-03	1.454203e-01	3.331060e-03	9.335369e-04
71            	1.817496e-03	5.435859e-03	5.435658e-03	1.436069e-01	3.263685e-03	9.059057e-04
72            	1.768211e-03	5.272263e-03	5.262686e-03	1.392406e-01	3.200837e-03	8.774132e-04
73            	1.697957e-03	5.158491e-03	5.161567e-03	1.369588e-01	3.139012e-03	8.566887e-04
74            	1.642638e-03	5.117585e-03	5.134686e-03	1.348449e-01	3.082926e-03	8.336929e-04
75            	1.603957e-03	5.141061e-03	5.152245e-03	1.324706e-01	3.027054e-03	8.176307e-04
76            	1.574183e-03	5.161878e-03	5.175793e-03	1.296003e-01	2.978611e-03	8.006156e-04
77            	1.542809e-03	5.147068e-03	5.155478e-03	1.264246e-01	2.927924e-03	7.902677e-04
78            	1.508234e-03	5.074926e-03	5.084271e-03	1.237386e-01	2.883821e-03	7.836038e-04
79            	1.474390e-03	4.973431e-03	4.957843e-03	1.226660e-01	2.839962e-03	7.817907e-04
80            	1.443708e-03	4.832338e-03	4.823318e-03	1.208316e-01	2.796156e-03	7.772600e-04
81            	1.415560e-03	4.690037e-03	4.679054e-03	1.188037e-01	2.748880e-03	7.766459e-04
82            	1.393055e-03	4.559440e-03	4.558938e-03	1.160176e-01	2.704137e-03	7.704367e-04
83            	1.384327e-03	4.467128e-03	4.457240e-03	1.117153e-01	2.663387e-03	7.680888e-04
84            	1.368776e-03	4.417014e-03	4.408036e-03	1.080311e-01	2.625786e-03	7.669377e-04
85            	1.358641e-03	4.376417e-03	4.373746e-03	1.040091e-01	2.579728e-03	7.691751e-04
86            	1.344331e-03	4.360746e-03	4.351009e-03	1.003030e-01	2.537577e-03	7.658815e-04
87            	1.334042e-03	4.342850e-03	4.346041e-03	9.601921e-02	2.495730e-03	7.607267e-04
88            	1.321172e-03	4.333836e-03	4.329452e-03	9.237877e-02	2.453308e-03	7.471337e-04
89            	1.317716e-03	4.306827e-03	4.305474e-03	8.913907e-02	2.412837e-03	7.240888e-04
90            	1.326099e-03	4.282121e-03	4.281432e-03	8.807413e-02	2.368110e-03	7.105666e-04
91            	1.338531e-03	4.246995e-03	4.243496e-03	8.777480e-02	2.327876e-03	6.870273e-04
92            	1.333067e-03	4.198441e-03	4.199820e-03	8.835993e-02	2.288689e-03	6.727815e-04
93            	1.331713e-03	4.168264e-03	4.170909e-03	8.940802e-02	2.248225e-03	6.529022e-04
94            	1.323233e-03	4.121933e-03	4.113341e-03	8.740970e-02	2.205652e-03	6.391370e-04
95            	1.311778e-03	4.074233e-03	4.058301e-03	8.750649e-02	2.165596e-03	6.264569e-04
96            	1.290549e-03	4.010740e-03	3.998913e-03	8.446869e-02	2.125662e-03	6.137579e-04
97            	1.269323e-03	3.961048e-03	3.948080e-03	8.236512e-02	2.091540e-03	6.034646e-04
98            	1.236919e-03	3.899649e-03	3.881849e-03	8.382856e-02	2.057077e-03	5.956121e-04
99            	1.207847e-03	3.843612e-03	3.823959e-03	8.124100e-02	2.020238e-03	5.845871e-04
100           	1.179731e-03	3.782301e-03	3.763469e-03	8.157457e-02	1.984838e-03	5.760094e-04
101           	1.157251e-03	3.734812e-03	3.724799e-03	7.932356e-02	1.949131e-03	5.645619e-04
102           	1.137219e-03	3.680384e-03	3.683873e-03	7.697517e-02	1.913565e-03	5.531556e-04
103           	1.123167e-03	3.642717e-03	3.640889e-03	7.591883e-02	1.877479e-03	5.397250e-04
104           	1.113716e-03	3.611690e-03	3.613661e-03	7.455317e-02	1.845100e-03	5.274028e-04
105           	1.107592e-03	3.595603e-03	3.592381e-03	7.224116e-02	1.810150e-03	5.159732e-04
106           	1.094898e-03	3.577818e-03	3.583333e-03	7.149476e-02	1.777225e-03	5.011021e-04
107           	1.086949e-03	3.567584e-03	3.565352e-03	6.918432e-02	1.745717e-03	4.860829e-04
108           	1.083369e-03	3.558265e-03	3.554014e-03	6.688383e-02	1.716393e-03	4.803656e-04
109           	1.080635e-03	3.533015e-03	3.515586e-03	6.633282e-02	1.688154e-03	4.695095e-04
110           	1.077863e-03	3.533318e-03	3.508409e-03	6.892782e-02	1.663102e-03	4.668062e-04
111           	1.079933e-03	3.532632e-03	3.509664e-03	6.917075e-02	1.637571e-03	4.658365e-04
112           	1.077267e-03	3.510738e-03	3.495694e-03	6.768409e-02	1.610828e-03	4.642839e-04
113           	1.073258e-03	3.494689e-03	3.460901e-03	6.751713e-02	1.586309e-03	4.638067e-04
114           	1.067340e-03	3.483557e-03	3.439892e-03	6.823103e-02	1.561297e-03	4.637926e-04
115           	1.062348e-03	3.458043e-03	3.416312e-03	6.782413e-02	1.536615e-03	4.658262e-04
116           	1.055208e-03	3.425160e-03	3.400978e-03	6.684089e-02	1.511565e-03	4.647663e-04
117           	1.046118e-03	3.389148e-03	3.368819e-03	6.663278e-02	1.487149e-03	4.625238e-04
118           	1.036515e-03	3.368593e-03	3.340424e-03	6.535186e-02	1.466178e-03	4.608476e-04
119           	1.026699e-03	3.330768e-03	3.311763e-03	6.469788e-02	1.442571e-03	4.562434e-04
120           	1.016177e-03	3.300088e-03	3.296893e-03	6.371290e-02	1.421351e-03	4.487669e-04
121           	1.005965e-03	3.272859e-03	3.271010e-03	6.302735e-02	1.397357e-03	4.432495e-04
122           	9.942056e-04	3.256036e-03	3.251820e-03	6.295377e-02	1.375295e-03	4.393652e-04
123           	9.845282e-04	3.243810e-03	3.242170e-03	6.123502e-02	1.353168e-03	4.266441e-04
124           	9.740285e-04	3.218927e-03	3.231504e-03	5.854331e-02	1.331072e-03	4.210379e-04
125           	9.635311e-04	3.206090e-03	3.220254e-03	5.750143e-02	1.308854e-03	4.107076e-04
126           	9.555989e-04	3.208694e-03	3.209700e-03	5.646096e-02	1.287065e-03	4.074324e-04
127           	9.497435e-04	3.200270e-03	3.202354e-03	5.432699e-02	1.265128e-03	3.960925e-04
128           	9.442354e-04	3.185430e-03	3.184066e-03	5.335931e-02	1.246180e-03	3.910085e-04
129           	9.410639e-04	3.169717e-03	3.167539e-03	5.371000e-02	1.225049e-03	3.808565e-04
130           	9.400575e-04	3.161843e-03	3.162565e-03	5.313661e-02	1.206265e-03	3.750943e-04
131           	9.390780e-04	3.142441e-03	3.134575e-03	5.073767e-02	1.188397e-03	3.678668e-04
132           	9.348016e-04	3.118064e-03	3.111369e-03	5.064963e-02	1.170040e-03	3.637486e-04
133           	9.316589e-04	3.102010e-03	3.092090e-03	5.005495e-02	1.152815e-03	3.594081e-04
134           	9.260342e-04	3.090958e-03	3.074028e-03	5.115559e-02	1.135157e-03	3.549701e-04
135           	9.221807e-04	3.073037e-03	3.062616e-03	4.974548e-02	1.118033e-03	3.526377e-04
136           	9.139203e-04	3.047160e-03	3.032864e-03	4.858884e-02	1.101683e-03	3.488411e-04
137           	9.068815e-04	3.024686e-03	3.014168e-03	4.938566e-02	1.086882e-03	3.452559e-04
138           	9.008422e-04	3.013159e-03	2.993190e-03	4.982427e-02	1.071311e-03	3.425425e-04
139           	8.948967e-04	2.982980e-03	2.983555e-03	4.811203e-02	1.053474e-03	3.386990e-04
140           	8.871830e-04	2.956903e-03	2.962642e-03	4.653928e-02	1.036240e-03	3.340475e-04
141           	8.796250e-04	2.937681e-03	2.937940e-03	4.618953e-02	1.019706e-03	3.283057e-04
142           	8.728004e-04	2.926670e-03	2.922634e-03	4.663203e-02	1.003597e-03	3.222525e-04
143           	8.690583e-04	2.921366e-03	2.915712e-03	4.513540e-02	9.899219e-04	3.181570e-04
144           	8.624672e-04	2.902548e-03	2.906013e-03	4.400623e-02	9.761316e-04	3.099813e-04
145           	8.571090e-04	2.889352e-03	2.885818e-03	4.545475e-02	9.620363e-04	3.040231e-04
146           	8.527138e-04	2.893799e-03	2.893352e-03	4.540917e-02	9.464397e-04	2.959328e-04
147           	8.506479e-04	2.884511e-03	2.871838e-03	4.513206e-02	9.325708e-04	2.929011e-04
148           	8.450265e-04	2.870740e-03	2.863642e-03	4.452562e-02	9.193681e-04	2.872756e-04
149           	8.395218e-04	2.847102e-03	2.838424e-03	4.580028e-02	9.074552e-04	2.842232e-04
150           	8.337505e-04	2.829718e-03	2.822273e-03	4.574825e-02	8.948562e-04	2.803103e-04
151           	8.302093e-04	2.821764e-03	2.811218e-03	4.608970e-02	8.850687e-04	2.811322e-04
152           	8.265399e-04	2.804953e-03	2.795053e-03	4.651164e-02	8.735149e-04	2.797714e-04
153           	8.211776e-04	2.783660e-03	2.777445e-03	4.492298e-02	8.638056e-04	2.810366e-04
154           	8.149182e-04	2.760078e-03	2.752435e-03	4.534050e-02	8.512944e-04	2.797118e-04
155           	8.107121e-04	2.751192e-03	2.737617e-03	4.446890e-02	8.411267e-04	2.801751e-04
156           	8.062884e-04	2.738663e-03	2.723815e-03	4.471565e-02	8.292702e-04	2.813409e-04
157           	8.010563e-04	2.725656e-03	2.712519e-03	4.415145e-02	8.198841e-04	2.778165e-04
158           	7.971320e-04	2.723296e-03	2.702609e-03	4.438408e-02	8.078919e-04	2.752256e-04
159           	7.935368e-04	2.709640e-03	2.701866e-03	4.316916e-02	7.970261e-04	2.733492e-04
160           	7.887058e-04	2.692146e-03	2.684759e-03	4.257200e-02	7.861345e-04	2.730834e-04
161           	7.838165e-04	2.681414e-03	2.677756e-03	4.132601e-02	7.744817e-04	2.692403e-04
162           	7.795129e-04	2.674256e-03	2.669155e-03	4.022702e-02	7.635898e-04	2.667102e-04
163           	7.765960e-04	2.670407e-03	2.669667e-03	3.936943e-02	7.518899e-04	2.613045e-04
164           	7.722309e-04	2.655126e-03	2.657418e-03	3.918001e-02	7.426227e-04	2.597727e-04
165           	7.693222e-04	2.659362e-03	2.650679e-03	3.869247e-02	7.327192e-04	2.529596e-04
166           	7.671066e-04	2.641830e-03	2.638543e-03	3.823101e-02	7.230383e-04	2.505992e-04
167           	7.646942e-04	2.626415e-03	2.626023e-03	3.774183e-02	7.127855e-04	2.441814e-04
168           	7.628995e-04	2.608408e-03	2.607489e-03	3.897527e-02	7.045477e-04	2.434359e-04
169           	7.623266e-04	2.609831e-03	2.600338e-03	3.908866e-02	6.955564e-04	2.382395e-04
170           	7.613864e-04	2.587997e-03	2.587299e-03	3.849824e-02	6.859347e-04	2.374019e-04
171           	7.571330e-04	2.573001e-03	2.566942e-03	3.960580e-02	6.773907e-04	2.352862e-04
172           	7.529695e-04	2.555871e-03	2.549867e-03	3.779319e-02	6.691829e-04	2.373184e-04
173           	7.489539e-04	2.544489e-03	2.532322e-03	3.792606e-02	6.621418e-04	2.373385e-04
174           	7.437721e-04	2.532117e-03	2.523638e-03	3.876887e-02	6.559195e-04	2.401113e-04
175           	7.402907e-04	2.516766e-03	2.518740e-03	3.782748e-02	6.471090e-04	2.395609e-04
176           	7.353172e-04	2.512549e-03	2.499590e-03	3.743771e-02	6.414311e-04	2.409479e-04
177           	7.306308e-04	2.491271e-03	2.487198e-03	3.656534e-02	6.339435e-04	2.393910e-04
178           	7.246152e-04	2.481289e-03	2.476051e-03	3.615045e-02	6.261448e-04	2.390500e-04
179           	7.203478e-04	2.467032e-03	2.467558e-03	3.711191e-02	6.184219e-04	2.369912e-04
180           	7.153349e-04	2.476349e-03	2.455929e-03	3.658505e-02	6.123548e-04	2.345400e-04
181           	7.115946e-04	2.455893e-03	2.451405e-03	3.457830e-02	6.058659e-04	2.317794e-04
182           	7.047260e-04	2.439545e-03	2.434769e-03	3.608021e-02	5.996449e-04	2.289330e-04
183           	7.004999e-04	2.433985e-03	2.432871e-03	3.620974e-02	5.924233e-04	2.262503e-04
184           	6.966764e-04	2.431623e-03	2.420045e-03	3.509867e-02	5.858859e-04	2.216682e-04
185           	6.919230e-04	2.417358e-03	2.411280e-03	3.588338e-02	5.802072e-04	2.208372e-04
186           	6.866855e-04	2.408691e-03	2.399307e-03	3.583444e-02	5.740843e-04	2.181313e-04
187           	6.827918e-04	2.390423e-03	2.382096e-03	3.626247e-02	5.678627e-04	2.200416e-04
188           	6.779269e-04	2.386695e-03	2.376303e-03	3.788059e-02	5.609486e-04	2.183740e-04
189           	6.759650e-04	2.370142e-03	2.364895e-03	3.732431e-02	5.568527e-04	2.222617e-04
190           	6.716429e-04	2.359072e-03	2.350518e-03	3.843834e-02	5.519731e-04	2.213145e-04
191           	6.690823e-04	2.355862e-03	2.332963e-03	3.975011e-02	5.484689e-04	2.252749e-04
192           	6.663267e-04	2.342206e-03	2.323017e-03	3.853613e-02	5.430731e-04	2.240033e-04
193           	6.631387e-04	2.335017e-03	2.316937e-03	3.907524e-02	5.396899e-04	2.252970e-04
194           	6.615104e-04	2.320226e-03	2.313461e-03	3.877847e-02	5.358362e-04	2.260067e-04
195           	6.588793e-04	2.310852e-03	2.299373e-03	3.771667e-02	5.307356e-04	2.278152e-04
196           	6.577989e-04	2.306559e-03	2.291222e-03	3.799611e-02	5.261128e-04	2.289649e-04
197           	6.567370e-04	2.302807e-03	2.288861e-03	3.669966e-02	5.219669e-04	2.290409e-04
198           	6.527279e-04	2.302931e-03	2.282064e-03	3.716839e-02	5.176614e-04	2.303314e-04
199           	6.502284e-04	2.292213e-03	2.272883e-03	3.603239e-02	5.140087e-04	2.294166e-04
200           	6.470296e-04	2.276739e-03	2.263325e-03	3.599872e-02	5.103144e-04	2.303508e-04
201           	6.440509e-04	2.266869e-03	2.255821e-03	3.627655e-02	5.073141e-04	2.280110e-04
202           	6.414046e-04	2.259915e-03	2.250204e-03	3.589453e-02	5.035950e-04	2.289159e-04
203           	6.377208e-04	2.233535e-03	2.234722e-03	3.557209e-02	5.001260e-04	2.247480e-04
204           	6.329359e-04	2.220176e-03	2.214825e-03	3.621588e-02	4.971624e-04	2.242700e-04
205           	6.299626e-04	2.214461e-03	2.208164e-03	3.707286e-02	4.933807e-04	2.202897e-04
206           	6.279103e-04	2.201629e-03	2.201824e-03	3.680800e-02	4.894361e-04	2.194335e-04
207           	6.245728e-04	2.187816e-03	2.186742e-03	3.794783e-02	4.859526e-04	2.173596e-04
208           	6.216305e-04	2.181403e-03	2.178488e-03	3.755517e-02	4.823252e-04	2.155888e-04
209           	6.191662e-04	2.166015e-03	2.167925e-03	3.799526e-02	4.782346e-04	2.144184e-04
210           	6.155634e-04	2.156004e-03	2.155429e-03	3.747054e-02	4.757309e-04	2.155081e-04
211           	6.127011e-04	2.153653e-03	2.140106e-03	3.779468e-02	4.717414e-04	2.181106e-04
212           	6.098713e-04	2.136990e-03	2.134449e-03	3.719140e-02	4.721632e-04	2.221069e-04
213           	6.062660e-04	2.131580e-03	2.117161e-03	3.770761e-02	4.673712e-04	2.241971e-04
214           	6.041421e-04	2.121774e-03	2.119615e-03	3.678440e-02	4.648241e-04	2.228871e-04
215           	6.007875e-04	2.108255e-03	2.094341e-03	3.641935e-02	4.617610e-04	2.239932e-04
216           	5.979403e-04	2.096509e-03	2.093453e-03	3.540272e-02	4.605607e-04	2.232245e-04
217           	5.950814e-04	2.085903e-03	2.077957e-03	3.513800e-02	4.593873e-04	2.258338e-04
218           	5.922478e-04	2.082604e-03	2.081704e-03	3.643604e-02	4.554435e-04	2.251809e-04
219           	5.922167e-04	2.086471e-03	2.085743e-03	3.552921e-02	4.523345e-04	2.248454e-04
220           	5.892622e-04	2.074241e-03	2.076544e-03	3.502618e-02	4.515169e-04	2.224734e-04
221           	5.877494e-04	2.069027e-03	2.072619e-03	3.507612e-02	4.486394e-04	2.211230e-04
222           	5.850452e-04	2.061573e-03	2.066420e-03	3.549862e-02	4.455883e-04	2.188408e-04
223           	5.833088e-04	2.054902e-03	2.053722e-03	3.364717e-02	4.428792e-04	2.168145e-04
224           	5.809671e-04	2.043492e-03	2.046227e-03	3.517796e-02	4.400539e-04	2.143324e-04
225           	5.801554e-04	2.044490e-03	2.049517e-03	3.552045e-02	4.381482e-04	2.139915e-04
226           	5.789673e-04	2.038959e-03	2.039920e-03	3.653659e-02	4.359981e-04	2.128919e-04
227           	5.779924e-04	2.042966e-03	2.042704e-03	3.746039e-02	4.342039e-04	2.147944e-04
228           	5.771548e-04	2.049675e-03	2.029637e-03	3.764534e-02	4.303901e-04	2.152996e-04
229           	5.756301e-04	2.038323e-03	2.027031e-03	3.760583e-02	4.289005e-04	2.175684e-04
230           	5.735103e-04	2.042187e-03	2.020217e-03	3.785811e-02	4.244266e-04	2.185333e-04
231           	5.727292e-04	2.038152e-03	2.015541e-03	3.706067e-02	4.233506e-04	2.187399e-04
232           	5.703766e-04	2.027216e-03	2.011714e-03	3.720033e-02	4.197510e-04	2.179214e-04
233           	5.693583e-04	2.028218e-03	2.014261e-03	3.683819e-02	4.181542e-04	2.175588e-04
234           	5.689531e-04	2.023772e-03	2.008030e-03	3.660196e-02	4.138911e-04	2.171936e-04
235           	5.669632e-04	2.017623e-03	2.011079e-03	3.634294e-02	4.121796e-04	2.180623e-04
236           	5.639594e-04	2.000296e-03	1.998566e-03	3.549725e-02	4.093373e-04	2.164417e-04
237           	5.610061e-04	1.994264e-03	1.986177e-03	3.510726e-02	4.077114e-04	2.175324e-04
238           	5.574720e-04	1.978186e-03	1.972190e-03	3.656218e-02	4.052858e-04	2.177062e-04
239           	5.548787e-04	1.965190e-03	1.966967e-03	3.619510e-02	4.032870e-04	2.155705e-04
240           	5.524039e-04	1.954465e-03	1.944881e-03	3.595974e-02	4.017791e-04	2.125488e-04
241           	5.498662e-04	1.934632e-03	1.926516e-03	3.668574e-02	3.990117e-04	2.100403e-04
242           	5.470537e-04	1.912993e-03	1.911716e-03	3.700174e-02	3.975024e-04	2.074911e-04
243           	5.459049e-04	1.902572e-03	1.902602e-03	3.660370e-02	3.958271e-04	2.055367e-04
244           	5.431634e-04	1.882643e-03	1.877117e-03	3.767196e-02	3.942560e-04	2.034058e-04
245           	5.421106e-04	1.871299e-03	1.867972e-03	3.820949e-02	3.924241e-04	2.003297e-04
246           	5.392490e-04	1.854074e-03	1.845304e-03	3.699861e-02	3.925301e-04	2.010564e-04
247           	5.362742e-04	1.831167e-03	1.825914e-03	3.880434e-02	3.922105e-04	2.024463e-04
248           	5.335764e-04	1.829666e-03	1.831980e-03	4.101729e-02	3.857034e-04	2.014540e-04
249           	5.329418e-04	1.826545e-03	1.816840e-03	3.859256e-02	3.856046e-04	2.025909e-04
250           	5.283961e-04	1.805765e-03	1.793945e-03	3.818414e-02	3.859001e-04	2.045439e-04
251           	5.270057e-04	1.807433e-03	1.783730e-03	3.972514e-02	3.850831e-04	2.046779e-04
252           	5.311851e-04	1.796059e-03	1.783990e-03	3.868831e-02	3.851809e-04	2.048611e-04
253           	5.297325e-04	1.787368e-03	1.773929e-03	3.772132e-02	3.854613e-04	2.030779e-04
254           	5.270753e-04	1.771821e-03	1.760753e-03	3.709702e-02	3.874195e-04	2.035643e-04
255           	5.254984e-04	1.765521e-03	1.754637e-03	3.639015e-02	3.857579e-04	2.047171e-04
256           	5.233908e-04	1.751845e-03	1.746290e-03	3.822891e-02	3.883484e-04	2.036211e-04
257           	5.231132e-04	1.757502e-03	1.762035e-03	3.688704e-02	3.872656e-04	2.037703e-04
258           	5.223076e-04	1.747272e-03	1.751463e-03	3.559481e-02	3.902099e-04	2.027462e-04
259           	5.274081e-04	1.749663e-03	1.745315e-03	3.526926e-02	3.916327e-04	2.035126e-04
260           	5.251902e-04	1.750665e-03	1.740370e-03	3.631170e-02	3.956566e-04	2.044092e-04
261           	5.243774e-04	1.752590e-03	1.741730e-03	3.715427e-02	3.971141e-04	2.058016e-04
262           	5.222520e-04	1.747848e-03	1.742482e-03	3.539649e-02	3.994604e-04	2.054712e-04
263           	5.202005e-04	1.728658e-03	1.725025e-03	3.452647e-02	4.005741e-04	2.069436e-04
264           	5.172901e-04	1.733687e-03	1.721346e-03	3.634907e-02	4.037040e-04	2.094861e-04
265           	5.167841e-04	1.742766e-03	1.724634e-03	3.611144e-02	4.058853e-04	2.174119e-04
266           	5.153473e-04	1.730756e-03	1.724786e-03	3.602959e-02	4.096339e-04	2.246419e-04
267           	5.134737e-04	1.729113e-03	1.721631e-03	3.586993e-02	4.085201e-04	2.316193e-04
268           	5.112863e-04	1.723907e-03	1.719025e-03	3.718480e-02	4.097012e-04	2.372718e-04
269           	5.106669e-04	1.726419e-03	1.734118e-03	3.822629e-02	4.106027e-04	2.460411e-04
270           	5.103163e-04	1.730190e-03	1.736518e-03	3.555172e-02	4.110760e-04	2.559647e-04
271           	5.083649e-04	1.717821e-03	1.720145e-03	3.512070e-02	4.113140e-04	2.698926e-04
272           	5.049166e-04	1.705216e-03	1.704047e-03	3.649305e-02	4.126761e-04	2.818267e-04
273           	5.037193e-04	1.704919e-03	1.698895e-03	3.597094e-02	4.101110e-04	2.912264e-04
274           	5.022513e-04	1.708797e-03	1.707779e-03	3.553496e-02	4.101129e-04	2.985329e-04
275           	5.009761e-04	1.689971e-03	1.690983e-03	3.587491e-02	4.076530e-04	3.081453e-04
276           	4.972359e-04	1.680260e-03	1.692978e-03	3.597992e-02	4.087907e-04	3.159698e-04
277           	4.956553e-04	1.672751e-03	1.677095e-03	3.536644e-02	4.060539e-04	3.242662e-04
278           	4.924835e-04	1.671882e-03	1.669817e-03	3.583220e-02	4.058764e-04	3.316380e-04
279           	4.911667e-04	1.658319e-03	1.659215e-03	3.558246e-02	4.040165e-04	3.374861e-04
280           	4.870719e-04	1.651337e-03	1.652786e-03	3.668668e-02	4.042275e-04	3.437308e-04
281           	4.854527e-04	1.655545e-03	1.659939e-03	3.680441e-02	4.022063e-04	3.459962e-04
282           	4.828504e-04	1.643607e-03	1.648603e-03	3.707058e-02	4.010518e-04	3.495889e-04
283           	4.806935e-04	1.651609e-03	1.640910e-03	3.808598e-02	3.973452e-04	3.526124e-04
284           	4.785534e-04	1.649370e-03	1.640066e-03	3.758699e-02	3.961524e-04	3.560735e-04
285           	4.766536e-04	1.637191e-03	1.636968e-03	3.676049e-02	3.920305e-04	3.520500e-04
286           	4.737685e-04	1.631128e-03	1.631770e-03	3.684742e-02	3.892359e-04	3.523629e-04
287           	4.720392e-04	1.637039e-03	1.631053e-03	3.654996e-02	3.850054e-04	3.465745e-04
288           	4.692199e-04	1.616085e-03	1.628342e-03	3.632159e-02	3.827198e-04	3.444874e-04
289           	4.673458e-04	1.625324e-03	1.623178e-03	3.566444e-02	3.775534e-04	3.385551e-04
290           	4.736747e-04	1.621294e-03	1.617110e-03	3.425822e-02	3.740001e-04	3.366152e-04
291           	4.709077e-04	1.597641e-03	1.603625e-03	3.376482e-02	3.692224e-04	3.298548e-04
292           	4.678696e-04	1.599601e-03	1.606315e-03	3.407843e-02	3.665224e-04	3.258205e-04
293           	4.667740e-04	1.610440e-03	1.598159e-03	3.382932e-02	3.620992e-04	3.169408e-04
294           	4.631105e-04	1.586370e-03	1.589660e-03	3.340093e-02	3.586751e-04	3.127379e-04
295           	4.613326e-04	1.597778e-03	1.587058e-03	3.387932e-02	3.545279e-04	3.038866e-04
296           	4.578537e-04	1.586632e-03	1.575244e-03	3.508391e-02	3.506486e-04	3.001745e-04
297           	4.552366e-04	1.579885e-03	1.580004e-03	3.435941e-02	3.464831e-04	2.921080e-04
298           	4.520066e-04	1.567658e-03	1.571953e-03	3.596449e-02	3.416897e-04	2.891419e-04
299           	4.491048e-04	1.579746e-03	1.561198e-03	3.621353e-02	3.380695e-04	2.811822e-04
300           	4.451497e-04	1.555099e-03	1.554733e-03	3.672907e-02	3.333905e-04	2.760317e-04
301           	4.426588e-04	1.556704e-03	1.555086e-03	3.533868e-02	3.290516e-04	2.684437e-04
302           	4.389038e-04	1.541333e-03	1.538835e-03	3.588920e-02	3.241936e-04	2.596561e-04
303           	4.359332e-04	1.535050e-03	1.542404e-03	3.536397e-02	3.206045e-04	2.488835e-04
304           	4.334471e-04	1.523057e-03	1.538038e-03	3.532584e-02	3.167882e-04	2.409451e-04
305           	4.313191e-04	1.522803e-03	1.534963e-03	3.474049e-02	3.140383e-04	2.334753e-04
306           	4.283911e-04	1.512017e-03	1.517284e-03	3.456879e-02	3.120424e-04	2.304470e-04
307           	4.261293e-04	1.508711e-03	1.523452e-03	3.484768e-02	3.094401e-04	2.234129e-04
308           	4.246049e-04	1.502690e-03	1.519294e-03	3.327797e-02	3.077729e-04	2.227763e-04
309           	4.220666e-04	1.499689e-03	1.510632e-03	3.338694e-02	3.057603e-04	2.114993e-04
310           	4.184923e-04	1.488316e-03	1.492446e-03	3.270219e-02	3.032130e-04	2.110486e-04
311           	4.163639e-04	1.482671e-03	1.485408e-03	3.301482e-02	2.999098e-04	2.028729e-04
312           	4.139716e-04	1.475922e-03	1.481094e-03	3.159428e-02	2.971007e-04	2.025758e-04
313           	4.119479e-04	1.465276e-03	1.461018e-03	3.311995e-02	2.951247e-04	1.923372e-04
314           	4.084337e-04	1.459147e-03	1.457462e-03	3.301667e-02	2.928955e-04	1.910420e-04
315           	4.056464e-04	1.446919e-03	1.447307e-03	3.282615e-02	2.909666e-04	1.828876e-04
316           	4.025248e-04	1.445264e-03	1.444166e-03	3.189507e-02	2.889671e-04	1.839463e-04
317           	3.993454e-04	1.427187e-03	1.431402e-03	3.418677e-02	2.884294e-04	1.746312e-04
318           	3.969023e-04	1.439470e-03	1.443853e-03	3.353296e-02	2.872339e-04	1.775602e-04
319           	3.953206e-04	1.425576e-03	1.434408e-03	3.351652e-02	2.855686e-04	1.705885e-04
320           	3.913825e-04	1.419184e-03	1.431469e-03	3.292668e-02	2.844143e-04	1.713186e-04
321           	3.878371e-04	1.405437e-03	1.422399e-03	3.395479e-02	2.824255e-04	1.641709e-04
322           	3.853353e-04	1.408099e-03	1.417037e-03	3.359417e-02	2.811949e-04	1.663880e-04
323           	3.827289e-04	1.406491e-03	1.406631e-03	3.399203e-02	2.797814e-04	1.627172e-04
324           	3.802231e-04	1.405883e-03	1.409812e-03	3.438883e-02	2.790712e-04	1.638513e-04
325           	3.780862e-04	1.396146e-03	1.402148e-03	3.312857e-02	2.776011e-04	1.587156e-04
326           	3.752181e-04	1.395257e-03	1.388746e-03	3.343549e-02	2.780479e-04	1.587660e-04
327           	3.737509e-04	1.395067e-03	1.394142e-03	3.338500e-02	2.769312e-04	1.574236e-04
328           	3.710640e-04	1.391649e-03	1.383747e-03	3.488534e-02	2.777927e-04	1.559836e-04
329           	3.683691e-04	1.386272e-03	1.381176e-03	3.463681e-02	2.750564e-04	1.542875e-04
330           	3.664344e-04	1.378384e-03	1.376740e-03	3.408890e-02	2.766551e-04	1.544222e-04
331           	3.646737e-04	1.384811e-03	1.374294e-03	3.561402e-02	2.745970e-04	1.524775e-04
332           	3.627706e-04	1.376676e-03	1.362902e-03	3.604182e-02	2.764348e-04	1.524418e-04
333           	3.603160e-04	1.359403e-03	1.360397e-03	3.547752e-02	2.753559e-04	1.538665e-04
334           	3.632191e-04	1.356809e-03	1.355437e-03	3.704227e-02	2.772285e-04	1.547853e-04
335           	3.614759e-04	1.373653e-03	1.358135e-03	3.688077e-02	2.759256e-04	1.576590e-04
336           	3.594101e-04	1.358404e-03	1.350511e-03	3.739401e-02	2.767932e-04	1.574984e-04
337           	3.555821e-04	1.345578e-03	1.352150e-03	3.848582e-02	2.774078e-04	1.597379e-04
338           	3.530541e-04	1.343136e-03	1.350692e-03	3.888562e-02	2.776094e-04	1.602010e-04
339           	3.510333e-04	1.343309e-03	1.352690e-03	3.848390e-02	2.780681e-04	1.600425e-04
340           	3.485612e-04	1.328022e-03	1.344471e-03	3.900969e-02	2.776717e-04	1.602930e-04
341           	3.458152e-04	1.333410e-03	1.345096e-03	3.942165e-02	2.776235e-04	1.613894e-04
342           	3.446942e-04	1.328457e-03	1.345299e-03	3.841927e-02	2.774459e-04	1.602808e-04
343           	3.418240e-04	1.323355e-03	1.347390e-03	3.916151e-02	2.760673e-04	1.602742e-04
344           	3.404268e-04	1.328039e-03	1.357789e-03	3.782873e-02	2.772991e-04	1.611392e-04
345           	3.392193e-04	1.323708e-03	1.365974e-03	3.772305e-02	2.777333e-04	1.617831e-04
346           	3.359030e-04	1.320870e-03	1.359644e-03	3.953788e-02	2.782553e-04	1.616998e-04
347           	3.344450e-04	1.322429e-03	1.358696e-03	3.894369e-02	2.768890e-04	1.643040e-04
348           	3.323839e-04	1.315998e-03	1.346166e-03	3.913466e-02	2.772798e-04	1.637983e-04
349           	3.305771e-04	1.314875e-03	1.344284e-03	3.855543e-02	2.761022e-04	1.636400e-04
350           	3.294391e-04	1.311846e-03	1.337328e-03	3.847507e-02	2.770005e-04	1.633313e-04
351           	3.276244e-04	1.301443e-03	1.328654e-03	3.805231e-02	2.771186e-04	1.629469e-04
352           	3.253445e-04	1.300093e-03	1.309704e-03	3.809203e-02	2.789801e-04	1.643727e-04
353           	3.232445e-04	1.286716e-03	1.307457e-03	3.887555e-02	2.782508e-04	1.657381e-04
354           	3.211624e-04	1.290123e-03	1.291162e-03	3.957949e-02	2.787512e-04	1.662709e-04
355           	3.199159e-04	1.280077e-03	1.281309e-03	3.796203e-02	2.790281e-04	1.665094e-04
356           	3.178687e-04	1.269603e-03	1.267692e-03	3.872352e-02	2.780636e-04	1.668064e-04
357           	3.163303e-04	1.263712e-03	1.263493e-03	3.929638e-02	2.795783e-04	1.676556e-04
358           	3.146844e-04	1.269021e-03	1.276936e-03	3.965880e-02	2.792391e-04	1.716011e-04
359           	3.137834e-04	1.266155e-03	1.268357e-03	3.825877e-02	2.807411e-04	1.717145e-04
360           	3.106304e-04	1.256039e-03	1.270389e-03	3.815559e-02	2.797064e-04	1.737706e-04
361           	3.088840e-04	1.257299e-03	1.254808e-03	3.798478e-02	2.824706e-04	1.750257e-04
362           	3.058644e-04	1.247993e-03	1.258063e-03	3.866627e-02	2.820357e-04	1.773417e-04
363           	3.052732e-04	1.252073e-03	1.256088e-03	3.766030e-02	2.811966e-04	1.773496e-04
364           	3.027012e-04	1.253197e-03	1.261718e-03	3.841971e-02	2.820585e-04	1.777552e-04
365           	3.017411e-04	1.246537e-03	1.246897e-03	3.770316e-02	2.820597e-04	1.770768e-04
366           	2.989381e-04	1.237755e-03	1.245366e-03	3.795205e-02	2.822877e-04	1.771603e-04
367           	3.039446e-04	1.241307e-03	1.243316e-03	3.742174e-02	2.814026e-04	1.776913e-04
368           	3.007269e-04	1.239829e-03	1.234412e-03	3.769924e-02	2.815828e-04	1.764515e-04
369           	2.994533e-04	1.239672e-03	1.225931e-03	3.762623e-02	2.798427e-04	1.775359e-04
370           	2.966458e-04	1.246930e-03	1.229558e-03	3.928346e-02	2.807686e-04	1.769484e-04
371           	2.967731e-04	1.252175e-03	1.235197e-03	3.810952e-02	2.803828e-04	1.783285e-04
372           	2.939508e-04	1.245017e-03	1.228052e-03	3.822537e-02	2.830346e-04	1.793445e-04
373           	2.938937e-04	1.249278e-03	1.226052e-03	3.846834e-02	2.829735e-04	1.837875e-04
374           	2.915636e-04	1.253773e-03	1.228744e-03	3.734925e-02	2.840206e-04	1.850618e-04
375           	2.903477e-04	1.253557e-03	1.228739e-03	3.750397e-02	2.808911e-04	1.876028e-04
376           	2.867755e-04	1.248024e-03	1.219788e-03	3.706739e-02	2.838706e-04	1.874114e-04
377           	2.853680e-04	1.253983e-03	1.223297e-03	3.774577e-02	2.823195e-04	1.900456e-04
378           	2.839399e-04	1.250050e-03	1.234926e-03	3.742574e-02	2.853655e-04	1.890696e-04
379           	2.828607e-04	1.244893e-03	1.241913e-03	3.751599e-02	2.825852e-04	1.928341e-04
380           	2.815045e-04	1.248158e-03	1.233612e-03	3.734012e-02	2.849363e-04	1.936334e-04
381           	2.801267e-04	1.234108e-03	1.226286e-03	3.696614e-02	2.832817e-04	1.913957e-04
382           	2.773452e-04	1.230958e-03	1.224561e-03	3.637123e-02	2.842967e-04	1.886154e-04
383           	2.768551e-04	1.231553e-03	1.241823e-03	3.732738e-02	2.817638e-04	1.899921e-04
384           	2.761572e-04	1.245853e-03	1.242368e-03	3.699353e-02	2.840354e-04	1.879558e-04
385           	2.748987e-04	1.242762e-03	1.239080e-03	3.569105e-02	2.831663e-04	1.871740e-04
386           	2.735433e-04	1.241128e-03	1.243759e-03	3.557807e-02	2.839492e-04	1.886850e-04
387           	2.726952e-04	1.239186e-03	1.243588e-03	3.666481e-02	2.846184e-04	1.884862e-04
388           	2.720839e-04	1.249349e-03	1.255989e-03	3.728990e-02	2.856239e-04	1.898560e-04
389           	2.728139e-04	1.259274e-03	1.249855e-03	3.656446e-02	2.867408e-04	1.868130e-04
390           	2.708404e-04	1.253588e-03	1.250322e-03	3.562868e-02	2.853996e-04	1.857059e-04
391           	2.694687e-04	1.243035e-03	1.240324e-03	3.630987e-02	2.854832e-04	1.832971e-04
392           	2.631343e-04	1.240170e-03	1.233111e-03	3.626384e-02	2.862064e-04	1.857293e-04
393           	2.629673e-04	1.239108e-03	1.230953e-03	3.579318e-02	2.861094e-04	1.828666e-04
394           	2.625506e-04	1.262163e-03	1.243687e-03	3.609845e-02	2.869159e-04	1.850554e-04
395           	2.626796e-04	1.260976e-03	1.252583e-03	3.579765e-02	2.863315e-04	1.836900e-04
396           	2.611523e-04	1.268490e-03	1.253607e-03	3.561855e-02	2.862004e-04	1.856156e-04
397           	2.613052e-04	1.275424e-03	1.262422e-03	3.749401e-02	2.857543e-04	1.840356e-04
398           	2.610312e-04	1.281865e-03	1.268205e-03	3.547164e-02	2.858310e-04	1.857606e-04
399           	2.602747e-04	1.278430e-03	1.268590e-03	3.724473e-02	2.853979e-04	1.853211e-04
400           	2.591868e-04	1.282497e-03	1.280554e-03	3.708617e-02	2.847501e-04	1.895135e-04
401           	2.591840e-04	1.291568e-03	1.282808e-03	3.678647e-02	2.842210e-04	1.891035e-04
402           	2.577620e-04	1.280761e-03	1.279806e-03	3.667805e-02	2.832043e-04	1.893620e-04
403           	2.564747e-04	1.277046e-03	1.270403e-03	3.686341e-02	2.827468e-04	1.901781e-04
404           	2.555040e-04	1.268362e-03	1.278081e-03	3.667160e-02	2.805288e-04	1.886121e-04
405           	2.548905e-04	1.264905e-03	1.269948e-03	3.632220e-02	2.808495e-04	1.872798e-04
406           	2.528665e-04	1.262136e-03	1.262053e-03	3.606166e-02	2.791631e-04	1.861430e-04
407           	2.530406e-04	1.261272e-03	1.254964e-03	3.705600e-02	2.793524e-04	1.857624e-04
408           	2.512299e-04	1.243335e-03	1.260753e-03	3.611429e-02	2.782377e-04	1.870525e-04
409           	2.508667e-04	1.245059e-03	1.249157e-03	3.609704e-02	2.781176e-04	1.872218e-04
410           	2.493304e-04	1.237642e-03	1.246292e-03	3.591341e-02	2.785482e-04	1.864043e-04
411           	2.501379e-04	1.243803e-03	1.244772e-03	3.771133e-02	2.782019e-04	1.854840e-04
412           	2.497182e-04	1.247209e-03	1.256936e-03	3.562845e-02	2.779594e-04	1.862492e-04
413           	2.497632e-04	1.245079e-03	1.249897e-03	3.550133e-02	2.774915e-04	1.855565e-04
414           	2.477954e-04	1.251251e-03	1.252109e-03	3.474648e-02	2.780900e-04	1.871755e-04
415           	2.495084e-04	1.259273e-03	1.261985e-03	3.522412e-02	2.775656e-04	1.902305e-04
416           	2.483569e-04	1.250475e-03	1.263174e-03	3.558425e-02	2.764857e-04	1.893885e-04
417           	2.494107e-04	1.247255e-03	1.267795e-03	3.489459e-02	2.769287e-04	1.909422e-04
418           	2.545988e-04	1.245249e-03	1.257413e-03	3.556954e-02	2.766983e-04	1.882096e-04
419           	2.545376e-04	1.255605e-03	1.265344e-03	3.532452e-02	2.760560e-04	1.886300e-04
420           	2.539255e-04	1.249966e-03	1.262166e-03	3.495269e-02	2.753068e-04	1.872128e-04
421           	2.543096e-04	1.243105e-03	1.274208e-03	3.513617e-02	2.743144e-04	1.877596e-04
422           	2.527755e-04	1.241300e-03	1.265241e-03	3.440948e-02	2.732689e-04	1.878941e-04
423           	2.536414e-04	1.236377e-03	1.270378e-03	3.449631e-02	2.719238e-04	1.882869e-04
424           	2.523030e-04	1.240242e-03	1.263034e-03	3.509459e-02	2.730641e-04	1.893747e-04
425           	2.568851e-04	1.238420e-03	1.269681e-03	3.494386e-02	2.723900e-04	1.896129e-04
426           	2.557091e-04	1.239194e-03	1.268121e-03	3.427650e-02	2.739739e-04	1.897920e-04
427           	2.556167e-04	1.228646e-03	1.256806e-03	3.606316e-02	2.713867e-04	1.879076e-04
428           	2.536298e-04	1.230872e-03	1.258978e-03	3.628831e-02	2.722788e-04	1.884957e-04
429           	2.550641e-04	1.221471e-03	1.254864e-03	3.502848e-02	2.717551e-04	1.874063e-04
430           	2.537880e-04	1.231048e-03	1.246187e-03	3.502558e-02	2.728912e-04	1.865859e-04
431           	2.538664e-04	1.225683e-03	1.246867e-03	3.577303e-02	2.692630e-04	1.862405e-04
432           	2.540872e-04	1.246820e-03	1.257193e-03	3.498984e-02	2.724062e-04	1.881828e-04
433           	2.541938e-04	1.233706e-03	1.252197e-03	3.550257e-02	2.698914e-04	1.861519e-04
434           	2.531826e-04	1.243294e-03	1.259274e-03	3.515992e-02	2.748820e-04	1.886199e-04
435           	2.541454e-04	1.243032e-03	1.266215e-03	3.566651e-02	2.691333e-04	1.883964e-04
436           	2.528326e-04	1.246671e-03	1.264159e-03	3.591587e-02	2.732149e-04	1.903999e-04
437           	2.534168e-04	1.256345e-03	1.283466e-03	3.591143e-02	2.731822e-04	1.908523e-04
438           	2.521351e-04	1.251470e-03	1.281105e-03	3.608153e-02	2.740657e-04	1.915389e-04
439           	2.519301e-04	1.256736e-03	1.285410e-03	3.543060e-02	2.721554e-04	1.908519e-04
440           	2.500127e-04	1.245293e-03	1.276474e-03	3.595155e-02	2.724618e-04	1.915270e-04
441           	2.519217e-04	1.256637e-03	1.310536e-03	3.591701e-02	2.715488e-04	1.909031e-04
442           	2.512549e-04	1.240985e-03	1.292016e-03	3.514828e-02	2.704056e-04	1.902016e-04
443           	2.443468e-04	1.228358e-03	1.284514e-03	3.505117e-02	2.696552e-04	1.886771e-04
444           	2.434147e-04	1.233556e-03	1.278554e-03	3.500467e-02	2.691997e-04	1.884752e-04
445           	2.440345e-04	1.224285e-03	1.269762e-03	3.467936e-02	2.683900e-04	1.843698e-04
446           	2.424750e-04	1.213405e-03	1.268489e-03	3.559546e-02	2.671721e-04	1.868523e-04
447           	2.428925e-04	1.220349e-03	1.263627e-03	3.525948e-02	2.668845e-04	1.881537e-04
448           	2.409064e-04	1.211285e-03	1.247788e-03	3.557165e-02	2.673253e-04	1.890737e-04
449           	2.409533e-04	1.209430e-03	1.245557e-03	3.583799e-02	2.671960e-04	1.874956e-04
450           	2.395015e-04	1.212072e-03	1.244184e-03	3.637184e-02	2.677676e-04	1.896574e-04
451           	2.403671e-04	1.226875e-03	1.243398e-03	3.536051e-02	2.681244e-04	1.880567e-04
452           	2.394510e-04	1.229898e-03	1.245546e-03	3.503845e-02	2.679860e-04	1.910687e-04
453           	2.393986e-04	1.237977e-03	1.248580e-03	3.539697e-02	2.673587e-04	1.884583e-04
454           	2.386403e-04	1.239268e-03	1.261962e-03	3.484080e-02	2.670103e-04	1.910463e-04
455           	2.398209e-04	1.241508e-03	1.262882e-03	3.577453e-02	2.683346e-04	1.898327e-04
456           	2.394518e-04	1.232885e-03	1.261402e-03	3.603904e-02	2.677203e-04	1.919481e-04
457           	2.393230e-04	1.240149e-03	1.258638e-03	3.658134e-02	2.690652e-04	1.909844e-04
458           	2.386932e-04	1.236952e-03	1.254667e-03	3.553568e-02	2.680230e-04	1.929628e-04
459           	2.383456e-04	1.224778e-03	1.263770e-03	3.680247e-02	2.679964e-04	1.886825e-04
460           	2.371988e-04	1.229947e-03	1.261463e-03	3.628816e-02	2.663796e-04	1.915410e-04
461           	2.366030e-04	1.216542e-03	1.264061e-03	3.569992e-02	2.661834e-04	1.884189e-04
462           	2.353530e-04	1.225333e-03	1.263886e-03	3.690732e-02	2.661269e-04	1.897590e-04
463           	2.366188e-04	1.229415e-03	1.278569e-03	3.549807e-02	2.668845e-04	1.875220e-04
464           	2.351020e-04	1.226150e-03	1.273307e-03	3.658543e-02	2.661557e-04	1.901243e-04
465           	2.354288e-04	1.234902e-03	1.293882e-03	3.597856e-02	2.673490e-04	1.889941e-04
466           	2.349630e-04	1.240300e-03	1.280961e-03	3.683235e-02	2.670567e-04	1.930134e-04
467           	2.352946e-04	1.250128e-03	1.281904e-03	3.700976e-02	2.685375e-04	1.902756e-04
468           	2.347389e-04	1.249808e-03	1.276346e-03	3.601173e-02	2.668373e-04	1.933918e-04
469           	2.353186e-04	1.240809e-03	1.284838e-03	3.572286e-02	2.669471e-04	1.897070e-04
470           	2.323586e-04	1.245951e-03	1.267242e-03	3.750069e-02	2.663127e-04	1.902760e-04
471           	2.321636e-04	1.246755e-03	1.271944e-03	3.807153e-02	2.671678e-04	1.883051e-04
472           	2.313804e-04	1.251780e-03	1.251656e-03	3.668181e-02	2.673201e-04	1.887764e-04
473           	2.305414e-04	1.239351e-03	1.254416e-03	3.792727e-02	2.681541e-04	1.879556e-04
474           	2.302304e-04	1.241503e-03	1.250211e-03	3.900316e-02	2.683053e-04	1.884784e-04
475           	2.303058e-04	1.240608e-03	1.255887e-03	3.870552e-02	2.673564e-04	1.892235e-04
476           	2.296088e-04	1.242289e-03	1.255353e-03	3.864560e-02	2.683402e-04	1.916677e-04
477           	2.295601e-04	1.248638e-03	1.262078e-03	3.707791e-02	2.674013e-04	1.931812e-04
478           	2.284063e-04	1.248472e-03	1.270990e-03	3.895075e-02	2.686640e-04	1.941735e-04
479           	2.291862e-04	1.259030e-03	1.295423e-03	3.911075e-02	2.678877e-04	1.959781e-04
480           	2.279930e-04	1.259824e-03	1.302523e-03	3.916337e-02	2.692919e-04	1.954425e-04
481           	2.287414e-04	1.267785e-03	1.316249e-03	3.788143e-02	2.694327e-04	1.959963e-04
482           	2.271962e-04	1.257993e-03	1.317239e-03	3.813205e-02	2.698441e-04	1.940948e-04
483           	2.274205e-04	1.260785e-03	1.332722e-03	3.767749e-02	2.683138e-04	1.941277e-04
484           	2.260470e-04	1.254335e-03	1.309105e-03	3.840143e-02	2.674347e-04	1.932615e-04
485           	2.249583e-04	1.242666e-03	1.295434e-03	3.862583e-02	2.659324e-04	1.898049e-04
486           	2.240804e-04	1.242630e-03	1.299464e-03	3.917298e-02	2.658983e-04	1.929197e-04
487           	2.238888e-04	1.240193e-03	1.291471e-03	3.885551e-02	2.648496e-04	1.884070e-04
488           	2.233777e-04	1.229021e-03	1.291447e-03	3.867858e-02	2.672699e-04	1.891955e-04
489           	2.228839e-04	1.232871e-03	1.283425e-03	3.916959e-02	2.664686e-04	1.861787e-04
490           	2.235307e-04	1.246665e-03	1.300875e-03	3.931562e-02	2.678842e-04	1.896253e-04
491           	2.245074e-04	1.250562e-03	1.286491e-03	3.823318e-02	2.661204e-04	1.861094e-04
492           	2.245077e-04	1.252584e-03	1.283410e-03	3.722674e-02	2.665257e-04	1.914103e-04
493           	2.242148e-04	1.263896e-03	1.285019e-03	3.836622e-02	2.648957e-04	1.875273e-04
494           	2.247329e-04	1.268028e-03	1.297110e-03	3.812608e-02	2.653054e-04	1.907282e-04
495           	2.258860e-04	1.278825e-03	1.304424e-03	3.902269e-02	2.659596e-04	1.889261e-04
496           	2.268981e-04	1.279038e-03	1.322947e-03	3.951594e-02	2.663010e-04	1.939075e-04
497           	2.251123e-04	1.268130e-03	1.321209e-03	3.775565e-02	2.670728e-04	1.876979e-04
498           	2.235997e-04	1.259375e-03	1.310174e-03	3.865114e-02	2.652979e-04	1.939425e-04
499           	2.222450e-04	1.256765e-03	1.309085e-03	3.877416e-02	2.678758e-04	1.916474e-04
500           	2.224208e-04	1.271908e-03	1.313428e-03	3.885841e-02	2.655278e-04	1.970479e-04
